name: stunt
channels:
  - conda-forge
  - defaults
dependencies:
  - bottleneck=1.3.7=py38h9128911_0
  - brotli-python=1.0.9=py38hd77b12b_8
  - ca-certificates=2024.8.30=h56e8100_0
  - certifi=2024.8.30=py38haa95532_0
  - charset-normalizer=3.3.2=pyhd3eb1b0_0
  - cuda-cudart=12.6.68=he0c23c2_0
  - cuda-cudart_win-64=12.6.68=he0c23c2_0
  - cuda-nvrtc=12.6.68=he0c23c2_0
  - cuda-version=12.6=h7480c83_3
  - faiss=1.8.0=py38cuda120h6c7c792_1_cuda
  - faiss-gpu=1.8.0=hef1f8eb_1
  - intel-openmp=2024.2.1=h57928b3_1083
  - joblib=1.4.2=py38haa95532_0
  - libblas=3.9.0=24_win64_mkl
  - libcblas=3.9.0=24_win64_mkl
  - libcublas=12.6.1.4=he0c23c2_0
  - libcurand=10.3.7.68=he0c23c2_0
  - libfaiss=1.8.0=cuda120h2ee710b_1_cuda
  - libffi=3.4.4=hd77b12b_1
  - libhwloc=2.11.1=default_h8125262_1000
  - libiconv=1.17=hcfcfb64_2
  - liblapack=3.9.0=24_win64_mkl
  - libxml2=2.12.7=h0f24e4e_4
  - libzlib=1.3.1=h2466b09_1
  - m2w64-gcc-libgfortran=5.3.0=6
  - m2w64-gcc-libs=5.3.0=7
  - m2w64-gcc-libs-core=5.3.0=7
  - m2w64-gmp=6.1.0=2
  - m2w64-libwinpthread-git=5.0.0.4634.697f757=2
  - mkl=2024.1.0=h66d3029_694
  - msys2-conda-epoch=20160418=1
  - numexpr=2.7.3=py38h5d928e2_2
  - numpy=1.24.4=py38h1d91fd2_0
  - openssl=3.3.2=h2466b09_0
  - packaging=24.1=pyhd8ed1ab_0
  - pandas=2.0.3=py38h4ed8f06_0
  - pip=24.2=py38haa95532_0
  - platformdirs=3.10.0=py38haa95532_0
  - pooch=1.7.0=py38haa95532_0
  - pthreads-win32=2.9.1=hfa6e2cd_3
  - pysocks=1.7.1=py38haa95532_0
  - python=3.8.19=h1aa4202_0
  - python-dateutil=2.9.0post0=py38haa95532_2
  - python-tzdata=2023.3=pyhd3eb1b0_0
  - python_abi=3.8=2_cp38
  - pytz=2024.1=py38haa95532_0
  - requests=2.32.3=py38haa95532_0
  - scikit-learn=1.3.0=py38h4ed8f06_1
  - scipy=1.10.1=py38h1aea9ed_3
  - setuptools=75.1.0=py38haa95532_0
  - six=1.16.0=pyhd3eb1b0_1
  - sqlite=3.45.3=h2bbff1b_0
  - tbb=2021.13.0=hc790b64_0
  - threadpoolctl=3.5.0=py38h9909e9c_0
  - ucrt=10.0.22621.0=h57928b3_0
  - vc=14.40=h2eaa2aa_1
  - vc14_runtime=14.40.33810=ha82c5b3_21
  - vs2015_runtime=14.40.33810=h3bf8584_21
  - wheel=0.44.0=py38haa95532_0
  - win_inet_pton=1.1.0=py38haa95532_0
  - pip:
      - colorama==0.4.6
      - faiss-cpu==1.8.0.post1
      - h5py==3.11.0
      - idna==3.10
      - ordered-set==4.1.0
      - pillow==10.4.0
      - protobuf==5.28.2
      - tensorboardx==2.6.2.2
      - torch==1.8.1+cu111
      - torchmeta==1.8.0
      - torchvision==0.9.1+cu111
      - tqdm==4.66.5
      - typing-extensions==4.12.2
      - urllib3==2.2.3
prefix: C:\Users\yanni\anaconda3\envs\stunt
